ZXASCII
AUTO -1
PROG beepmusic
5 BEEP 0.212765,20
10 BEEP 0.106383,19
15 BEEP 0.106383,20
20 BEEP 0.106382,24
25 BEEP 0.106383,22
30 BEEP 0.106007,19
35 BEEP 0.105634,20
40 BEEP 0.105634,22
45 BEEP 0.105634,20
50 BEEP 0.104895,24
55 BEEP 0.104895,22
60 BEEP 0.104895,19
65 BEEP 0.10453,20
70 BEEP 0.104166,24
75 BEEP 0.104167,22
80 BEEP 0.104166,19
85 BEEP 0.103448,20
90 BEEP 0.103448,24
95 BEEP 0.103448,22
100 BEEP 0.103093,19
105 BEEP 0.10274,20
110 BEEP 0.102739,24
115 BEEP 0.10274,22
120 BEEP 0.02,1
125 BEEP 0.08204,19
130 BEEP 0.102041,20
135 BEEP 0.02,8
140 BEEP 0.02,13
145 BEEP 0.02,17
150 BEEP 0.042041,24
155 BEEP 0.102041,22
160 BEEP 0.02,8
165 BEEP 0.02,13
170 BEEP 0.02,17
175 BEEP 0.04204,19
180 BEEP 0.102041,20
185 BEEP 0.02,5
190 BEEP 0.082041,24
195 BEEP 0.102041,22
200 BEEP 0.02,8
205 BEEP 0.02,13
210 BEEP 0.02,17
215 BEEP 0.04204,19
220 BEEP 0.102041,20
225 BEEP 0.02,8
230 BEEP 0.02,13
235 BEEP 0.02,17
240 BEEP 0.042041,24
245 BEEP 0.102041,22
250 BEEP 0.02,1
255 BEEP 0.08204,19
260 BEEP 0.102041,20
265 BEEP 0.02,8
270 BEEP 0.02,13
275 BEEP 0.02,17
280 BEEP 0.042041,24
285 BEEP 0.102041,22
290 BEEP 0.02,8
295 BEEP 0.02,13
300 BEEP 0.02,17
305 BEEP 0.04204,19
310 BEEP 0.102041,20
315 BEEP 0.02,5
320 BEEP 0.082041,22
325 BEEP 0.102041,24
330 BEEP 0.02,8
335 BEEP 0.02,13
340 BEEP 0.02,17
345 BEEP 0.04204,25
350 BEEP 0.102041,27
355 BEEP 0.02,8
360 BEEP 0.02,13
365 BEEP 0.02,17
370 BEEP 0.042041,29
375 BEEP 0.102041,30
380 BEEP 0.02,-4
385 BEEP 0.197391,34
390 BEEP 0.02,8
395 BEEP 0.02,12
400 BEEP 0.068695,18
405 BEEP 0.108696,32
410 BEEP 0.02,8
415 BEEP 0.02,12
420 BEEP 0.02,18
425 BEEP 0.048695,30
430 BEEP 0.108696,29
435 BEEP 0.02,3
440 BEEP 0.087913,29
445 BEEP 0.107914,27
450 BEEP 0.02,8
455 BEEP 0.02,12
460 BEEP 0.02,18
465 BEEP 0.02,27
470 BEEP 0.027913,29
475 BEEP 0.053957,27
480 BEEP 0.053957,26
485 BEEP 0.02,8
490 BEEP 0.02,12
495 BEEP 0.02,18
500 BEEP 0.155827,27
505 BEEP 0.02,-4
510 BEEP 0.200588,34
515 BEEP 0.02,12
520 BEEP 0.090294,18
525 BEEP 0.110294,32
530 BEEP 0.02,12
535 BEEP 0.02,18
540 BEEP 0.070294,30
545 BEEP 0.110294,29
550 BEEP 0.02,8
555 BEEP 0.087913,29
560 BEEP 0.053957,27
565 BEEP 0.053957,29
570 BEEP 0.02,12
575 BEEP 0.02,18
580 BEEP 0.02,27
585 BEEP 0.047913,26
590 BEEP 0.107914,27
595 BEEP 0.02,12
600 BEEP 0.02,18
605 BEEP 0.067913,29
610 BEEP 0.107914,22
615 BEEP 0.02,1
620 BEEP 0.083448,19
625 BEEP 0.103448,20
630 BEEP 0.02,8
635 BEEP 0.02,13
640 BEEP 0.02,17
645 BEEP 0.043448,24
650 BEEP 0.103449,22
655 BEEP 0.02,8
660 BEEP 0.02,13
665 BEEP 0.02,17
670 BEEP 0.043448,19
675 BEEP 0.103448,20
680 BEEP 0.02,5
685 BEEP 0.08204,24
690 BEEP 0.102041,22
695 BEEP 0.02,8
700 BEEP 0.02,13
705 BEEP 0.02,17
710 BEEP 0.042041,19
715 BEEP 0.102041,20
720 BEEP 0.02,8
725 BEEP 0.02,13
730 BEEP 0.02,17
735 BEEP 0.04204,24
740 BEEP 0.102041,22
745 BEEP 0.02,1
750 BEEP 0.082041,19
755 BEEP 0.102041,20
760 BEEP 0.02,8
765 BEEP 0.02,13
770 BEEP 0.02,17
775 BEEP 0.04204,24
780 BEEP 0.102041,22
785 BEEP 0.02,8
790 BEEP 0.02,13
795 BEEP 0.02,17
800 BEEP 0.042041,19
805 BEEP 0.102041,20
810 BEEP 0.02,5
815 BEEP 0.08204,22
820 BEEP 0.102041,24
825 BEEP 0.02,8
830 BEEP 0.02,13
835 BEEP 0.02,17
840 BEEP 0.042041,25
845 BEEP 0.102041,27
850 BEEP 0.02,8
855 BEEP 0.02,13
860 BEEP 0.02,17
865 BEEP 0.04204,29
870 BEEP 0.102041,30
875 BEEP 0.02,-4
880 BEEP 0.197391,34
885 BEEP 0.02,8
890 BEEP 0.02,12
895 BEEP 0.068695,18
900 BEEP 0.108696,32
905 BEEP 0.02,8
910 BEEP 0.02,12
915 BEEP 0.02,18
920 BEEP 0.048695,30
925 BEEP 0.108696,29
930 BEEP 0.02,3
935 BEEP 0.086382,29
940 BEEP 0.106383,27
945 BEEP 0.02,8
950 BEEP 0.02,12
955 BEEP 0.02,18
960 BEEP 0.02,27
965 BEEP 0.026383,29
970 BEEP 0.053191,27
975 BEEP 0.053192,26
980 BEEP 0.02,8
985 BEEP 0.02,12
990 BEEP 0.02,18
995 BEEP 0.152765,27
1000 BEEP 0.02,-4
1005 BEEP 0.197391,34
1010 BEEP 0.02,8
1015 BEEP 0.02,12
1020 BEEP 0.068695,18
1025 BEEP 0.108696,32
1030 BEEP 0.02,8
1035 BEEP 0.02,12
1040 BEEP 0.02,18
1045 BEEP 0.048695,30
1050 BEEP 0.108696,29
1055 BEEP 0.02,8
1060 BEEP 0.088695,27
1065 BEEP 0.108696,29
1070 BEEP 0.02,12
1075 BEEP 0.02,18
1080 BEEP 0.068695,27
1085 BEEP 0.108696,26
1090 BEEP 0.02,-4
1095 BEEP 0.088695,27
1100 BEEP 0.108696,28
1105 BEEP 0.02,-3
1110 BEEP 0.08204,29
1115 BEEP 0.051021,30
1120 BEEP 0.05102,29
1125 BEEP 0.02,5
1130 BEEP 0.02,12
1135 BEEP 0.02,15
1140 BEEP 0.042041,28
1145 BEEP 0.101537,29
1150 BEEP 0.02,5
1155 BEEP 0.02,12
1160 BEEP 0.02,15
1165 BEEP 0.041352,32
1170 BEEP 0.101351,30
1175 BEEP 0.02,-2
1180 BEEP 0.081053,29
1185 BEEP 0.100671,30
1190 BEEP 0.02,5
1195 BEEP 0.02,13
1200 BEEP 0.060671,29
1205 BEEP 0.100573,28
1210 BEEP 0.02,5
1215 BEEP 0.02,13
1220 BEEP 0.06,29
1225 BEEP 0.1,34
1230 BEEP 0.02,0
1235 BEEP 0.08,32
1240 BEEP 0.049751,34
1245 BEEP 0.049669,32
1250 BEEP 0.02,8
1255 BEEP 0.02,15
1260 BEEP 0.02,18
1265 BEEP 0.039337,31
1270 BEEP 0.099338,32
1275 BEEP 0.02,8
1280 BEEP 0.02,15
1285 BEEP 0.02,18
1290 BEEP 0.038955,36
1295 BEEP 0.098684,34
1300 BEEP 0.02,1
1305 BEEP 0.078684,32
1310 BEEP 0.098495,34
1315 BEEP 0.02,8
1320 BEEP 0.02,17
1325 BEEP 0.058039,32
1330 BEEP 0.098039,31
1335 BEEP 0.098039,32
1340 BEEP 0.097402,37
1345 BEEP 0.02,6
1350 BEEP 0.077667,36
1355 BEEP 0.098039,34
1360 BEEP 0.02,10
1365 BEEP 0.02,15
1370 BEEP 0.058562,32
1375 BEEP 0.09882,30
1380 BEEP 0.099337,29
1385 BEEP 0.099737,27
1390 BEEP 0.02,-4
1395 BEEP 0.08,25
1400 BEEP 0.100671,24
1405 BEEP 0.02,5
1410 BEEP 0.02,8
1415 BEEP 0.02,13
1420 BEEP 0.040953,22
1425 BEEP 0.101351,20
1430 BEEP 0.101912,18
1435 BEEP 0.102186,17
1440 BEEP 0.02,-4
1445 BEEP 0.082739,15
1450 BEEP 0.103167,13
1455 BEEP 0.02,6
1460 BEEP 0.02,8
1465 BEEP 0.063449,12
1470 BEEP 0.104166,15
1475 BEEP 0.02,6
1480 BEEP 0.02,8
1485 BEEP 0.02,12
1490 BEEP 0.043448,22
1495 BEEP 0.102739,20
1500 BEEP 0.02,1
1505 BEEP 0.08204,19
1510 BEEP 0.101351,20
1515 BEEP 0.02,8
1520 BEEP 0.02,13
1525 BEEP 0.02,17
1530 BEEP 0.040671,22
1535 BEEP 0.1,24
1540 BEEP 0.099337,25
1545 BEEP 0.098684,27
1550 BEEP 0.02,8
1555 BEEP 0.02,8
1560 BEEP 0.058039,29
1565 BEEP 0.049019,30
1570 BEEP 0.04902,29
1575 BEEP 0.02,15
1580 BEEP 0.02,17
1585 BEEP 0.058039,28
1590 BEEP 0.098039,29
1595 BEEP 0.02,15
1600 BEEP 0.02,17
1605 BEEP 0.058039,32
1610 BEEP 0.098039,30
1615 BEEP 0.02,10
1620 BEEP 0.02,10
1625 BEEP 0.058039,29
1630 BEEP 0.098039,30
1635 BEEP 0.02,13
1640 BEEP 0.02,17
1645 BEEP 0.058039,29
1650 BEEP 0.098039,28
1655 BEEP 0.02,13
1660 BEEP 0.02,17
1665 BEEP 0.058039,29
1670 BEEP 0.098039,34
1675 BEEP 0.02,12
1680 BEEP 0.02,12
1685 BEEP 0.058039,32
1690 BEEP 0.049019,34
1695 BEEP 0.04902,32
1700 BEEP 0.02,18
1705 BEEP 0.02,20
1710 BEEP 0.058039,31
1715 BEEP 0.098039,32
1720 BEEP 0.02,18
1725 BEEP 0.02,20
1730 BEEP 0.058039,36
1735 BEEP 0.098039,34
1740 BEEP 0.02,13
1745 BEEP 0.02,13
1750 BEEP 0.059337,32
1755 BEEP 0.099338,34
1760 BEEP 0.02,17
1765 BEEP 0.02,20
1770 BEEP 0.059337,32
1775 BEEP 0.099338,31
1780 BEEP 0.099337,32
1785 BEEP 0.10204,41
1790 BEEP 0.02,6
1795 BEEP 0.082041,39
1800 BEEP 0.102041,37
1805 BEEP 0.02,13
1810 BEEP 0.02,15
1815 BEEP 0.02,22
1820 BEEP 0.042041,36
1825 BEEP 0.10204,34
1830 BEEP 0.102041,32
1835 BEEP 0.102041,30
1840 BEEP 0.02,-4
1845 BEEP 0.082041,29
1850 BEEP 0.10204,27
1855 BEEP 0.02,5
1860 BEEP 0.02,8
1865 BEEP 0.02,13
1870 BEEP 0.042041,25
1875 BEEP 0.102041,24
1880 BEEP 0.102041,22
1885 BEEP 0.10204,20
1890 BEEP 0.02,-4
1895 BEEP 0.08239,21
1900 BEEP 0.103807,24
1905 BEEP 0.02,6
1910 BEEP 0.02,8
1915 BEEP 0.065263,22
1920 BEEP 0.106762,17
1925 BEEP 0.02,6
1930 BEEP 0.02,8
1935 BEEP 0.068303,18
1940 BEEP 0.109891,12
1945 BEEP 0.02,1
1950 BEEP 0.202222,13
1955 BEEP 0.02,8
1960 BEEP 0.202222,17
1965 BEEP 0.212765,29
1970 BEEP 0.098039,-3
1975 BEEP 0.049019,30
1980 BEEP 0.04902,29
1985 BEEP 0.02,5
1990 BEEP 0.02,12
1995 BEEP 0.02,15
2000 BEEP 0.038039,28
2005 BEEP 0.098039,29
2010 BEEP 0.02,5
2015 BEEP 0.02,12
2020 BEEP 0.02,15
2025 BEEP 0.038039,32
2030 BEEP 0.098039,30
2035 BEEP 0.02,-2
2040 BEEP 0.079337,29
2045 BEEP 0.099338,30
2050 BEEP 0.02,5
2055 BEEP 0.02,13
2060 BEEP 0.059337,29
2065 BEEP 0.099338,28
2070 BEEP 0.02,5
2075 BEEP 0.02,13
2080 BEEP 0.059337,29
2085 BEEP 0.099338,34
2090 BEEP 0.02,0
2095 BEEP 0.078039,32
2100 BEEP 0.049019,34
2105 BEEP 0.04902,32
2110 BEEP 0.02,8
2115 BEEP 0.02,15
2120 BEEP 0.02,18
2125 BEEP 0.038039,31
2130 BEEP 0.098039,32
2135 BEEP 0.02,8
2140 BEEP 0.02,15
2145 BEEP 0.02,18
2150 BEEP 0.038039,36
2155 BEEP 0.098039,34
2160 BEEP 0.02,1
2165 BEEP 0.079337,32
2170 BEEP 0.099338,34
2175 BEEP 0.02,8
2180 BEEP 0.02,17
2185 BEEP 0.059337,32
2190 BEEP 0.099338,31
2195 BEEP 0.099337,32
2200 BEEP 0.101351,37
2205 BEEP 0.02,6
2210 BEEP 0.081351,36
2215 BEEP 0.101351,34
2220 BEEP 0.02,10
2225 BEEP 0.02,15
2230 BEEP 0.061352,32
2235 BEEP 0.101351,30
2240 BEEP 0.101351,29
2245 BEEP 0.101351,27
2250 BEEP 0.02,-4
2255 BEEP 0.081352,25
2260 BEEP 0.101351,24
2265 BEEP 0.02,5
2270 BEEP 0.02,8
2275 BEEP 0.02,13
2280 BEEP 0.041351,22
2285 BEEP 0.101351,20
2290 BEEP 0.101352,18
2295 BEEP 0.101351,17
2300 BEEP 0.02,-4
2305 BEEP 0.084166,15
2310 BEEP 0.104167,13
2315 BEEP 0.02,6
2320 BEEP 0.02,8
2325 BEEP 0.064166,12
2330 BEEP 0.104167,15
2335 BEEP 0.02,6
2340 BEEP 0.02,8
2345 BEEP 0.02,12
2350 BEEP 0.044166,22
2355 BEEP 0.104167,20
2360 BEEP 0.02,1
2365 BEEP 0.084166,19
2370 BEEP 0.104167,20
2375 BEEP 0.02,8
2380 BEEP 0.02,13
2385 BEEP 0.02,17
2390 BEEP 0.044166,22
2395 BEEP 0.104167,24
2400 BEEP 0.104166,25
2405 BEEP 0.104167,27
2410 BEEP 0.02,8
2415 BEEP 0.02,8
2420 BEEP 0.056153,29
2425 BEEP 0.048077,30
2430 BEEP 0.048077,29
2435 BEEP 0.02,15
2440 BEEP 0.02,17
2445 BEEP 0.056154,28
2450 BEEP 0.096154,29
2455 BEEP 0.02,15
2460 BEEP 0.02,17
2465 BEEP 0.056153,32
2470 BEEP 0.096154,30
2475 BEEP 0.02,10
2480 BEEP 0.02,10
2485 BEEP 0.054339,29
2490 BEEP 0.09434,30
2495 BEEP 0.02,13
2500 BEEP 0.02,17
2505 BEEP 0.054339,29
2510 BEEP 0.09434,28
2515 BEEP 0.02,13
2520 BEEP 0.02,17
2525 BEEP 0.054339,29
2530 BEEP 0.09434,34
2535 BEEP 0.02,12
2540 BEEP 0.02,12
2545 BEEP 0.055541,32
2550 BEEP 0.04777,34
2555 BEEP 0.047771,32
2560 BEEP 0.02,18
2565 BEEP 0.02,20
2570 BEEP 0.055541,31
2575 BEEP 0.095542,32
2580 BEEP 0.02,18
2585 BEEP 0.02,20
2590 BEEP 0.055541,36
2595 BEEP 0.095541,34
2600 BEEP 0.02,13
2605 BEEP 0.02,13
2610 BEEP 0.05375,32
2615 BEEP 0.09375,34
2620 BEEP 0.02,17
2625 BEEP 0.02,20
2630 BEEP 0.05375,32
2635 BEEP 0.09375,31
2640 BEEP 0.09375,32
2645 BEEP 0.111111,41
2650 BEEP 0.02,6
2655 BEEP 0.02,6
2660 BEEP 0.058039,39
2665 BEEP 0.098039,37
2670 BEEP 0.02,13
2675 BEEP 0.02,15
2680 BEEP 0.02,22
2685 BEEP 0.038039,36
2690 BEEP 0.098039,34
2695 BEEP 0.098039,32
2700 BEEP 0.098039,30
2705 BEEP 0.02,-4
2710 BEEP 0.08,29
2715 BEEP 0.1,27
2720 BEEP 0.02,5
2725 BEEP 0.02,8
2730 BEEP 0.02,13
2735 BEEP 0.04,25
2740 BEEP 0.1,24
2745 BEEP 0.1,22
2750 BEEP 0.1,20
2755 BEEP 0.02,-4
2760 BEEP 0.084273,21
2765 BEEP 0.11448,24
2770 BEEP 0.02,6
2775 BEEP 0.02,8
2780 BEEP 0.086944,22
2785 BEEP 0.142406,17
2790 BEEP 0.02,6
2795 BEEP 0.02,8
2800 BEEP 0.122233,18
2805 BEEP 0.188338,12
2810 BEEP 0.02,1
2815 BEEP 0.390958,13
2820 BEEP 0.02,8
2825 BEEP 0.390959,17
2830 BEEP 0.217391,20
2835 BEEP 0.217391,-4
2840 BEEP 0.02,6
2845 BEEP 0.02,8
2850 BEEP 0.177391,12
2855 BEEP 0.02,6
2860 BEEP 0.02,8
2865 BEEP 0.02,12
2870 BEEP 0.157391,15
2875 BEEP 0.02,6
2880 BEEP 0.02,8
2885 BEEP 0.02,12
2890 BEEP 0.157391,20
2895 BEEP 0.02,6
2900 BEEP 0.02,8
2905 BEEP 0.177391,12
2910 BEEP 0.02,6
2915 BEEP 0.02,8
2920 BEEP 0.02,12
2925 BEEP 0.157985,16
2930 BEEP 0.02,1
2935 BEEP 0.200339,20
2940 BEEP 0.02,5
2945 BEEP 0.02,8
2950 BEEP 0.182998,13
2955 BEEP 0.02,5
2960 BEEP 0.02,8
2965 BEEP 0.02,13
2970 BEEP 0.165656,17
2975 BEEP 0.02,-4
2980 BEEP 0.208266,29
2985 BEEP 0.02,8
2990 BEEP 0.02,13
2995 BEEP 0.191198,17
3000 BEEP 0.02,8
3005 BEEP 0.02,13
3010 BEEP 0.02,17
3015 BEEP 0.173864,29
3020 BEEP 0.236982,3
3025 BEEP 0.02,8
3030 BEEP 0.02,12
3035 BEEP 0.199825,18
3040 BEEP 0.02,8
3045 BEEP 0.02,12
3050 BEEP 0.02,18
3055 BEEP 0.182938,22
3060 BEEP 0.02,-4
3065 BEEP 0.226137,29
3070 BEEP 0.02,8
3075 BEEP 0.02,15
3080 BEEP 0.209182,18
3085 BEEP 0.02,8
3090 BEEP 0.02,15
3095 BEEP 0.02,18
3100 BEEP 0.192768,24
3105 BEEP 0.02,1
3110 BEEP 0.235937,27
3115 BEEP 0.02,8
3120 BEEP 0.02,13
3125 BEEP 0.219604,17
3130 BEEP 0.02,8
3135 BEEP 0.02,13
3140 BEEP 0.02,17
3145 BEEP 0.203116,25
3150 BEEP 0.02,5
3155 BEEP 0.179805,24
3160 BEEP 0.066965,27
3165 BEEP 0.02,8
3170 BEEP 0.02,13
3175 BEEP 0.094908,17
3180 BEEP 0.1358,25
3185 BEEP 0.02,8
3190 BEEP 0.02,13
3195 BEEP 0.028182,17
3200 BEEP 0.206135,22
3205 BEEP 0.02,0
3210 BEEP 0.197391,20
3215 BEEP 0.02,6
3220 BEEP 0.197391,8
3225 BEEP 0.02,6
3230 BEEP 0.02,8
3235 BEEP 0.177391,15
3240 BEEP 0.02,-4
3245 BEEP 0.197391,20
3250 BEEP 0.02,6
3255 BEEP 0.197391,8
3260 BEEP 0.02,6
3265 BEEP 0.02,8
3270 BEEP 0.02,12
3275 BEEP 0.157391,16
3280 BEEP 0.02,1
3285 BEEP 0.197391,20
3290 BEEP 0.02,5
3295 BEEP 0.02,8
3300 BEEP 0.177391,13
3305 BEEP 0.02,5
3310 BEEP 0.02,8
3315 BEEP 0.02,13
3320 BEEP 0.157391,17
3325 BEEP 0.02,-1
3330 BEEP 0.197391,29
3335 BEEP 0.02,8
3340 BEEP 0.02,13
3345 BEEP 0.177391,17
3350 BEEP 0.02,8
3355 BEEP 0.02,13
3360 BEEP 0.177391,17
3365 BEEP 0.02,0
3370 BEEP 0.034347,24
3375 BEEP 0.054348,25
3380 BEEP 0.054348,24
3385 BEEP 0.054348,25
3390 BEEP 0.02,8
3395 BEEP 0.02,12
3400 BEEP 0.02,17
3405 BEEP 0.02,24
3410 BEEP 0.137391,23
3415 BEEP 0.02,8
3420 BEEP 0.02,12
3425 BEEP 0.02,17
3430 BEEP 0.157391,24
3435 BEEP 0.02,-12
3440 BEEP 0.200047,32
3445 BEEP 0.02,7
3450 BEEP 0.02,12
3455 BEEP 0.02,16
3460 BEEP 0.167059,22
3465 BEEP 0.23453,31
3470 BEEP 0.02,-7
3475 BEEP 0.222508,21
3480 BEEP 0.251135,30
3485 BEEP 0.02,5
3490 BEEP 0.02,12
3495 BEEP 0.220356,20
3500 BEEP 0.270228,29
3505 BEEP 0.280876,17
3510 BEEP 0.292395,22
3515 BEEP 0.02,0
3520 BEEP 0.263604,20
3525 BEEP 0.02,6
3530 BEEP 0.233269,8
3535 BEEP 0.02,6
3540 BEEP 0.02,8
3545 BEEP 0.188798,15
3550 BEEP 0.02,-4
3555 BEEP 0.034347,32
3560 BEEP 0.162391,20
3565 BEEP 0.02,6
3570 BEEP 0.02,8
3575 BEEP 0.174162,12
3580 BEEP 0.02,6
3585 BEEP 0.02,8
3590 BEEP 0.02,12
3595 BEEP 0.151643,15
3600 BEEP 0.02,1
3605 BEEP 0.032448,32
3610 BEEP 0.156613,20
3615 BEEP 0.02,8
3620 BEEP 0.186543,13
3625 BEEP 0.02,8
3630 BEEP 0.02,13
3635 BEEP 0.164199,17
3640 BEEP 0.02,-4
3645 BEEP 0.030676,32
3650 BEEP 0.151233,29
3655 BEEP 0.02,8
3660 BEEP 0.02,13
3665 BEEP 0.159447,17
3670 BEEP 0.02,8
3675 BEEP 0.02,13
3680 BEEP 0.02,17
3685 BEEP 0.137262,29
3690 BEEP 0.02,3
3695 BEEP 0.02902,32
3700 BEEP 0.146104,29
3705 BEEP 0.02,8
3710 BEEP 0.02,12
3715 BEEP 0.152927,18
3720 BEEP 0.02,8
3725 BEEP 0.02,12
3730 BEEP 0.02,18
3735 BEEP 0.130781,22
3740 BEEP 0.02,-4
3745 BEEP 0.027468,32
3750 BEEP 0.141312,29
3755 BEEP 0.02,8
3760 BEEP 0.02,15
3765 BEEP 0.14682,18
3770 BEEP 0.02,8
3775 BEEP 0.02,15
3780 BEEP 0.02,18
3785 BEEP 0.194237,24
3790 BEEP 0.02,1
3795 BEEP 0.031093,32
3800 BEEP 0.155851,27
3805 BEEP 0.02,8
3810 BEEP 0.02,13
3815 BEEP 0.02,17
3820 BEEP 0.154336,25
3825 BEEP 0.02,8
3830 BEEP 0.02,13
3835 BEEP 0.02,17
3840 BEEP 0.162279,24
3845 BEEP 0.02,5
3850 BEEP 0.036908,32
3855 BEEP 0.173925,27
3860 BEEP 0.02,8
3865 BEEP 0.02,13
3870 BEEP 0.02,17
3875 BEEP 0.180067,25
3880 BEEP 0.02,8
3885 BEEP 0.02,13
3890 BEEP 0.083779,17
3895 BEEP 0.126298,22
3900 BEEP 0.02,0
3905 BEEP 0.034347,32
3910 BEEP 0.163044,20
3915 BEEP 0.02,6
3920 BEEP 0.197391,8
3925 BEEP 0.02,6
3930 BEEP 0.02,8
3935 BEEP 0.177391,15
3940 BEEP 0.02,-4
3945 BEEP 0.034347,32
3950 BEEP 0.163044,20
3955 BEEP 0.02,6
3960 BEEP 0.02,8
3965 BEEP 0.177391,12
3970 BEEP 0.02,6
3975 BEEP 0.02,8
3980 BEEP 0.02,12
3985 BEEP 0.157391,16
3990 BEEP 0.02,-1
3995 BEEP 0.034347,32
4000 BEEP 0.163044,20
4005 BEEP 0.02,5
4010 BEEP 0.02,8
4015 BEEP 0.177391,15
4020 BEEP 0.02,5
4025 BEEP 0.02,8
4030 BEEP 0.02,15
4035 BEEP 0.157391,17
4040 BEEP 0.02,-2
4045 BEEP 0.197391,29
4050 BEEP 0.02,5
4055 BEEP 0.02,8
4060 BEEP 0.177391,14
4065 BEEP 0.02,5
4070 BEEP 0.02,8
4075 BEEP 0.177391,14
4080 BEEP 0.02,3
4085 BEEP 0.20302,29
4090 BEEP 0.02,13
4095 BEEP 0.21674,19
4100 BEEP 0.02,13
4105 BEEP 0.02,19
4110 BEEP 0.212277,22
4115 BEEP 0.269975,27
4120 BEEP 0.02,13
4125 BEEP 0.270339,18
4130 BEEP 0.02,13
4135 BEEP 0.02,18
4140 BEEP 0.274134,21
4145 BEEP 0.02,8
4150 BEEP 0.322063,27
4155 BEEP 0.02,12
4160 BEEP 0.02,18
4165 BEEP 0.335496,20
4170 BEEP 0.416117,26
4175 BEEP 0.466585,29
4180 BEEP 0.5,27
4185 BEEP 0.5,32
4190 BEEP 0.065217,20
4195 BEEP 0.064702,22
4200 BEEP 0.064194,20
4205 BEEP 0.063695,22
4210 BEEP 0.063202,20
4215 BEEP 0.062719,22
4220 BEEP 0.062263,20
4225 BEEP 0.061792,22
4230 BEEP 0.061329,20
4235 BEEP 0.060872,22
4240 BEEP 0.060424,20
4245 BEEP 0.05998,22
4250 BEEP 0.059523,20
4255 BEEP 0.059094,22
4260 BEEP 0.058671,20
4265 BEEP 0.058252,22
4270 BEEP 0.057841,20
4275 BEEP 0.057434,22
4280 BEEP 0.057053,20
4285 BEEP 0.056657,22
4290 BEEP 0.056268,20
4295 BEEP 0.055884,22
4300 BEEP 0.055504,20
4305 BEEP 0.05513,22
4310 BEEP 0.054744,20
4315 BEEP 0.05438,22
4320 BEEP 0.054021,20
4325 BEEP 0.053668,22
4330 BEEP 0.053317,20
4335 BEEP 0.052972,22
4340 BEEP 0.052647,20
4345 BEEP 0.052311,22
4350 BEEP 0.051978,20
4355 BEEP 0.05165,22
4360 BEEP 0.051325,20
4365 BEEP 0.051006,22
4370 BEEP 0.050676,20
4375 BEEP 0.050363,22
4380 BEEP 0.050056,20
4385 BEEP 0.049751,22
4390 BEEP 0.04945,20
4395 BEEP 0.049153,22
4400 BEEP 0.048873,20
4405 BEEP 0.048583,22
4410 BEEP 0.048296,20
4415 BEEP 0.048013,22
4420 BEEP 0.047732,20
4425 BEEP 0.047468,22
4430 BEEP 0.094339,19
4435 BEEP 0.09434,20
4440 BEEP 0.094339,24
4445 BEEP 0.09434,22
4450 BEEP 0.094339,19
4455 BEEP 0.09434,20
4460 BEEP 0.094339,24
4465 BEEP 0.09434,22
4470 BEEP 0.094339,19
4475 BEEP 0.09434,20
4480 BEEP 0.094339,24
4485 BEEP 0.09434,22
4490 BEEP 0.094339,19
4495 BEEP 0.09434,20
4500 BEEP 0.094339,24
4505 BEEP 0.09434,22
4510 BEEP 0.094339,19
4515 BEEP 0.09434,20
4520 BEEP 0.094339,24
4525 BEEP 0.09434,22
4530 BEEP 0.094339,19
4535 BEEP 0.09434,20
4540 BEEP 0.094339,24
4545 BEEP 0.09434,22
4550 BEEP 0.02,-11
4555 BEEP 0.02,1
4560 BEEP 0.054339,19
4565 BEEP 0.09434,20
4570 BEEP 0.02,8
4575 BEEP 0.02,13
4580 BEEP 0.02,17
4585 BEEP 0.034339,24
4590 BEEP 0.09434,22
4595 BEEP 0.02,8
4600 BEEP 0.02,13
4605 BEEP 0.02,17
4610 BEEP 0.034339,19
4615 BEEP 0.09434,20
4620 BEEP 0.02,5
4625 BEEP 0.074339,24
4630 BEEP 0.09434,22
4635 BEEP 0.02,8
4640 BEEP 0.02,13
4645 BEEP 0.02,17
4650 BEEP 0.034339,19
4655 BEEP 0.09434,20
4660 BEEP 0.02,8
4665 BEEP 0.02,13
4670 BEEP 0.02,17
4675 BEEP 0.034339,24
4680 BEEP 0.09434,22
4685 BEEP 0.02,1
4690 BEEP 0.074339,19
4695 BEEP 0.09434,20
4700 BEEP 0.02,8
4705 BEEP 0.02,13
4710 BEEP 0.02,17
4715 BEEP 0.034339,24
4720 BEEP 0.09434,22
4725 BEEP 0.02,8
4730 BEEP 0.02,13
4735 BEEP 0.02,17
4740 BEEP 0.034339,19
4745 BEEP 0.09434,20
4750 BEEP 0.02,5
4755 BEEP 0.074339,22
4760 BEEP 0.09434,24
4765 BEEP 0.02,8
4770 BEEP 0.02,13
4775 BEEP 0.02,17
4780 BEEP 0.034339,25
4785 BEEP 0.09434,27
4790 BEEP 0.02,8
4795 BEEP 0.02,13
4800 BEEP 0.02,17
4805 BEEP 0.034339,29
4810 BEEP 0.09434,30
4815 BEEP 0.02,-4
4820 BEEP 0.202222,34
4825 BEEP 0.02,8
4830 BEEP 0.02,12
4835 BEEP 0.071111,18
4840 BEEP 0.111111,32
4845 BEEP 0.02,8
4850 BEEP 0.02,12
4855 BEEP 0.02,18
4860 BEEP 0.051111,30
4865 BEEP 0.111111,29
4870 BEEP 0.02,3
4875 BEEP 0.085633,29
4880 BEEP 0.105634,27
4885 BEEP 0.02,8
4890 BEEP 0.02,12
4895 BEEP 0.02,18
4900 BEEP 0.02,27
4905 BEEP 0.025634,29
4910 BEEP 0.052817,27
4915 BEEP 0.052817,26
4920 BEEP 0.02,8
4925 BEEP 0.02,12
4930 BEEP 0.02,18
4935 BEEP 0.151267,27
4940 BEEP 0.02,-4
4945 BEEP 0.195827,34
4950 BEEP 0.02,12
4955 BEEP 0.087913,18
4960 BEEP 0.107914,32
4965 BEEP 0.02,12
4970 BEEP 0.02,18
4975 BEEP 0.067913,30
4980 BEEP 0.107914,29
4985 BEEP 0.02,8
4990 BEEP 0.086382,29
4995 BEEP 0.053192,27
5000 BEEP 0.053191,29
5005 BEEP 0.02,12
5010 BEEP 0.02,18
5015 BEEP 0.02,27
5020 BEEP 0.046383,26
5025 BEEP 0.106383,27
5030 BEEP 0.02,12
5035 BEEP 0.02,18
5040 BEEP 0.066382,29
5045 BEEP 0.106383,22
5050 BEEP 0.02,1
5055 BEEP 0.081351,19
5060 BEEP 0.101351,20
5065 BEEP 0.02,8
5070 BEEP 0.02,13
5075 BEEP 0.02,17
5080 BEEP 0.041351,24
5085 BEEP 0.101352,22
5090 BEEP 0.02,8
5095 BEEP 0.02,13
5100 BEEP 0.02,17
5105 BEEP 0.041351,19
5110 BEEP 0.101351,20
5115 BEEP 0.02,5
5120 BEEP 0.081351,24
5125 BEEP 0.101352,22
5130 BEEP 0.02,8
5135 BEEP 0.02,13
5140 BEEP 0.02,17
5145 BEEP 0.041351,19
5150 BEEP 0.101351,20
5155 BEEP 0.02,8
5160 BEEP 0.02,13
5165 BEEP 0.02,17
5170 BEEP 0.041351,24
5175 BEEP 0.101352,22
5180 BEEP 0.02,1
5185 BEEP 0.081351,19
5190 BEEP 0.101351,20
5195 BEEP 0.02,8
5200 BEEP 0.02,13
5205 BEEP 0.02,17
5210 BEEP 0.041351,24
5215 BEEP 0.101352,22
5220 BEEP 0.02,8
5225 BEEP 0.02,13
5230 BEEP 0.02,17
5235 BEEP 0.041351,19
5240 BEEP 0.101351,20
5245 BEEP 0.02,5
5250 BEEP 0.085633,22
5255 BEEP 0.105634,24
5260 BEEP 0.02,8
5265 BEEP 0.02,13
5270 BEEP 0.02,17
5275 BEEP 0.045634,25
5280 BEEP 0.105634,27
5285 BEEP 0.02,8
5290 BEEP 0.02,13
5295 BEEP 0.02,17
5300 BEEP 0.045633,29
5305 BEEP 0.105634,30
5310 BEEP 0.02,-4
5315 BEEP 0.195827,34
5320 BEEP 0.02,8
5325 BEEP 0.02,12
5330 BEEP 0.067913,18
5335 BEEP 0.107914,32
5340 BEEP 0.02,8
5345 BEEP 0.02,12
5350 BEEP 0.02,18
5355 BEEP 0.047913,30
5360 BEEP 0.107914,29
5365 BEEP 0.02,3
5370 BEEP 0.086382,29
5375 BEEP 0.106383,27
5380 BEEP 0.02,8
5385 BEEP 0.02,12
5390 BEEP 0.02,18
5395 BEEP 0.02,27
5400 BEEP 0.026383,29
5405 BEEP 0.053191,27
5410 BEEP 0.053192,26
5415 BEEP 0.02,8
5420 BEEP 0.02,12
5425 BEEP 0.02,18
5430 BEEP 0.152765,27
5435 BEEP 0.02,-4
5440 BEEP 0.202222,34
5445 BEEP 0.02,8
5450 BEEP 0.02,12
5455 BEEP 0.071111,18
5460 BEEP 0.111111,32
5465 BEEP 0.02,8
5470 BEEP 0.02,12
5475 BEEP 0.02,18
5480 BEEP 0.051111,30
5485 BEEP 0.111111,29
5490 BEEP 0.02,3
5495 BEEP 0.08204,27
5500 BEEP 0.102041,29
5505 BEEP 0.02,8
5510 BEEP 0.02,12
5515 BEEP 0.02,18
5520 BEEP 0.02,27
5525 BEEP 0.022041,29
5530 BEEP 0.05102,27
5535 BEEP 0.051021,26
5540 BEEP 0.02,-4
5545 BEEP 0.08204,27
5550 BEEP 0.102041,28
5555 BEEP 0.02,-3
5560 BEEP 0.078039,29
5565 BEEP 0.049019,30
5570 BEEP 0.04902,29
5575 BEEP 0.02,5
5580 BEEP 0.02,12
5585 BEEP 0.02,15
5590 BEEP 0.038039,28
5595 BEEP 0.098039,29
5600 BEEP 0.02,5
5605 BEEP 0.02,12
5610 BEEP 0.02,15
5615 BEEP 0.038039,32
5620 BEEP 0.098039,30
5625 BEEP 0.02,-2
5630 BEEP 0.078039,29
5635 BEEP 0.098039,30
5640 BEEP 0.02,5
5645 BEEP 0.02,13
5650 BEEP 0.058039,29
5655 BEEP 0.098039,28
5660 BEEP 0.02,5
5665 BEEP 0.02,13
5670 BEEP 0.058039,29
5675 BEEP 0.098039,34
5680 BEEP 0.02,0
5685 BEEP 0.078039,32
5690 BEEP 0.049019,34
5695 BEEP 0.04902,32
5700 BEEP 0.02,8
5705 BEEP 0.02,15
5710 BEEP 0.02,18
5715 BEEP 0.038039,31
5720 BEEP 0.098039,32
5725 BEEP 0.02,8
5730 BEEP 0.02,15
5735 BEEP 0.02,18
5740 BEEP 0.038039,36
5745 BEEP 0.098039,34
5750 BEEP 0.02,1
5755 BEEP 0.078039,32
5760 BEEP 0.098039,34
5765 BEEP 0.02,8
5770 BEEP 0.02,17
5775 BEEP 0.058039,32
5780 BEEP 0.098039,31
5785 BEEP 0.094339,32
5790 BEEP 0.09434,37
5795 BEEP 0.02,6
5800 BEEP 0.074724,36
5805 BEEP 0.095112,34
5810 BEEP 0.02,10
5815 BEEP 0.02,15
5820 BEEP 0.055541,32
5825 BEEP 0.096102,30
5830 BEEP 0.096503,29
5835 BEEP 0.096891,27
5840 BEEP 0.02,-4
5845 BEEP 0.077403,25
5850 BEEP 0.097933,24
5855 BEEP 0.02,5
5860 BEEP 0.02,8
5865 BEEP 0.02,13
5870 BEEP 0.038334,22
5875 BEEP 0.098751,20
5880 BEEP 0.099338,18
5885 BEEP 0.09982,17
5890 BEEP 0.02,-4
5895 BEEP 0.080251,15
5900 BEEP 0.100671,13
5905 BEEP 0.02,6
5910 BEEP 0.02,8
5915 BEEP 0.061351,12
5920 BEEP 0.101351,15
5925 BEEP 0.02,6
5930 BEEP 0.02,8
5935 BEEP 0.02,12
5940 BEEP 0.040941,22
5945 BEEP 0.099517,20
5950 BEEP 0.02,1
5955 BEEP 0.078134,19
5960 BEEP 0.096802,20
5965 BEEP 0.02,8
5970 BEEP 0.02,13
5975 BEEP 0.02,17
5980 BEEP 0.035491,22
5985 BEEP 0.09423,24
5990 BEEP 0.092987,25
5995 BEEP 0.091779,27
6000 BEEP 0.02,9
6005 BEEP 0.02,9
6010 BEEP 0.050909,29
6015 BEEP 0.045454,30
6020 BEEP 0.045455,29
6025 BEEP 0.02,15
6030 BEEP 0.02,17
6035 BEEP 0.050909,28
6040 BEEP 0.090909,29
6045 BEEP 0.02,15
6050 BEEP 0.02,17
6055 BEEP 0.050909,32
6060 BEEP 0.090909,30
6065 BEEP 0.02,10
6070 BEEP 0.02,10
6075 BEEP 0.049285,29
6080 BEEP 0.089286,30
6085 BEEP 0.02,13
6090 BEEP 0.02,17
6095 BEEP 0.049285,29
6100 BEEP 0.089286,28
6105 BEEP 0.02,13
6110 BEEP 0.02,17
6115 BEEP 0.049285,29
6120 BEEP 0.089286,34
6125 BEEP 0.02,12
6130 BEEP 0.02,12
6135 BEEP 0.050909,32
6140 BEEP 0.045454,34
6145 BEEP 0.045455,32
6150 BEEP 0.02,18
6155 BEEP 0.02,20
6160 BEEP 0.050909,31
6165 BEEP 0.090909,32
6170 BEEP 0.02,18
6175 BEEP 0.02,20
6180 BEEP 0.050909,36
6185 BEEP 0.090909,34
6190 BEEP 0.02,13
6195 BEEP 0.02,13
6200 BEEP 0.049285,32
6205 BEEP 0.089286,34
6210 BEEP 0.02,17
6215 BEEP 0.02,20
6220 BEEP 0.049285,32
6225 BEEP 0.089286,31
6230 BEEP 0.089285,32
6235 BEEP 0.089286,41
6240 BEEP 0.02,6
6245 BEEP 0.069285,39
6250 BEEP 0.089286,37
6255 BEEP 0.02,13
6260 BEEP 0.02,15
6265 BEEP 0.02,22
6270 BEEP 0.029285,36
6275 BEEP 0.089286,34
6280 BEEP 0.089285,32
6285 BEEP 0.089286,30
6290 BEEP 0.02,-4
6295 BEEP 0.069285,29
6300 BEEP 0.089286,27
6305 BEEP 0.02,5
6310 BEEP 0.02,8
6315 BEEP 0.02,13
6320 BEEP 0.029285,25
6325 BEEP 0.089286,24
6330 BEEP 0.089285,22
6335 BEEP 0.089286,20
6340 BEEP 0.02,-4
6345 BEEP 0.070251,21
6350 BEEP 0.092668,24
6355 BEEP 0.02,6
6360 BEEP 0.02,8
6365 BEEP 0.055268,22
6370 BEEP 0.098018,17
6375 BEEP 0.02,6
6380 BEEP 0.02,8
6385 BEEP 0.060874,18
6390 BEEP 0.104022,12
6395 BEEP 0.02,1
6400 BEEP 0.197989,13
6405 BEEP 0.02,8
6410 BEEP 0.212869,17
6415 BEEP 0.241935,29
6420 BEEP 0.090909,-3
6425 BEEP 0.045454,30
6430 BEEP 0.045455,29
6435 BEEP 0.02,5
6440 BEEP 0.02,12
6445 BEEP 0.02,15
6450 BEEP 0.030909,28
6455 BEEP 0.090909,29
6460 BEEP 0.02,5
6465 BEEP 0.02,12
6470 BEEP 0.02,15
6475 BEEP 0.031463,32
6480 BEEP 0.092024,30
6485 BEEP 0.02,-2
6490 BEEP 0.072592,29
6495 BEEP 0.092593,30
6500 BEEP 0.02,5
6505 BEEP 0.02,13
6510 BEEP 0.052592,29
6515 BEEP 0.092593,28
6520 BEEP 0.02,5
6525 BEEP 0.02,13
6530 BEEP 0.052592,29
6535 BEEP 0.092593,34
6540 BEEP 0.02,0
6545 BEEP 0.076153,32
6550 BEEP 0.048077,34
6555 BEEP 0.048077,32
6560 BEEP 0.02,8
6565 BEEP 0.02,15
6570 BEEP 0.02,18
6575 BEEP 0.036154,31
6580 BEEP 0.096154,32
6585 BEEP 0.02,8
6590 BEEP 0.02,15
6595 BEEP 0.02,18
6600 BEEP 0.036153,36
6605 BEEP 0.096154,34
6610 BEEP 0.02,1
6615 BEEP 0.07375,32
6620 BEEP 0.09375,34
6625 BEEP 0.02,8
6630 BEEP 0.02,17
6635 BEEP 0.05375,32
6640 BEEP 0.09375,31
6645 BEEP 0.09375,32
6650 BEEP 0.111111,37
6655 BEEP 0.02,6
6660 BEEP 0.083448,36
6665 BEEP 0.103448,34
6670 BEEP 0.02,10
6675 BEEP 0.02,15
6680 BEEP 0.063448,32
6685 BEEP 0.103449,30
6690 BEEP 0.103448,29
6695 BEEP 0.103448,27
6700 BEEP 0.02,-4
6705 BEEP 0.083448,25
6710 BEEP 0.103449,24
6715 BEEP 0.02,5
6720 BEEP 0.02,8
6725 BEEP 0.02,13
6730 BEEP 0.043093,22
6735 BEEP 0.10274,20
6740 BEEP 0.102739,18
6745 BEEP 0.10274,17
6750 BEEP 0.02,-4
6755 BEEP 0.082739,15
6760 BEEP 0.10274,13
6765 BEEP 0.02,6
6770 BEEP 0.02,8
6775 BEEP 0.062739,12
6780 BEEP 0.10204,15
6785 BEEP 0.02,6
6790 BEEP 0.02,8
6795 BEEP 0.02,12
6800 BEEP 0.042041,22
6805 BEEP 0.102041,20
6810 BEEP 0.02,1
6815 BEEP 0.081466,19
6820 BEEP 0.100898,20
6825 BEEP 0.02,8
6830 BEEP 0.02,13
6835 BEEP 0.02,17
6840 BEEP 0.040335,22
6845 BEEP 0.099778,24
6850 BEEP 0.099228,25
6855 BEEP 0.098684,27
6860 BEEP 0.02,9
6865 BEEP 0.02,9
6870 BEEP 0.058039,29
6875 BEEP 0.049019,30
6880 BEEP 0.04902,29
6885 BEEP 0.02,15
6890 BEEP 0.02,17
6895 BEEP 0.058039,28
6900 BEEP 0.098039,29
6905 BEEP 0.02,15
6910 BEEP 0.02,17
6915 BEEP 0.058039,32
6920 BEEP 0.098039,30
6925 BEEP 0.02,10
6930 BEEP 0.02,10
6935 BEEP 0.058039,29
6940 BEEP 0.098039,30
6945 BEEP 0.02,13
6950 BEEP 0.02,17
6955 BEEP 0.058039,29
6960 BEEP 0.098039,28
6965 BEEP 0.02,13
6970 BEEP 0.02,17
6975 BEEP 0.058039,29
6980 BEEP 0.098039,34
6985 BEEP 0.02,12
6990 BEEP 0.02,12
6995 BEEP 0.058039,32
7000 BEEP 0.049019,34
7005 BEEP 0.04902,32
7010 BEEP 0.02,18
7015 BEEP 0.02,20
7020 BEEP 0.058039,31
7025 BEEP 0.098039,32
7030 BEEP 0.02,18
7035 BEEP 0.02,20
7040 BEEP 0.058039,36
7045 BEEP 0.098039,34
7050 BEEP 0.02,13
7055 BEEP 0.02,13
7060 BEEP 0.058039,32
7065 BEEP 0.098039,34
7070 BEEP 0.02,17
7075 BEEP 0.02,20
7080 BEEP 0.058039,32
7085 BEEP 0.098039,31
7090 BEEP 0.166666,32
7095 BEEP 0.5,53
7100 BEEP 0.02,-6
7105 BEEP 0.063118,51
7110 BEEP 0.084658,49
7115 BEEP 0.086279,48
7120 BEEP 0.02,13
7125 BEEP 0.02,15
7130 BEEP 0.02,22
7135 BEEP 0.027939,46
7140 BEEP 0.089737,44
7145 BEEP 0.091562,42
7150 BEEP 0.093461,41
7155 BEEP 0.095412,39
7160 BEEP 0.097476,37
7165 BEEP 0.099692,36
7170 BEEP 0.101915,34
7175 BEEP 0.104274,32
7180 BEEP 0.106706,30
7185 BEEP 0.109368,29
7190 BEEP 0.11209,27
7195 BEEP 0.11495,25
7200 BEEP 0.117914,24
7205 BEEP 0.121035,22
7210 BEEP 0.02,-4
7215 BEEP 0.165185,21
7220 BEEP 0.185185,24
7225 BEEP 0.02,6
7230 BEEP 0.02,8
7235 BEEP 0.145185,22
7240 BEEP 0.185185,17
7245 BEEP 0.02,6
7250 BEEP 0.02,8
7255 BEEP 0.145185,18
7260 BEEP 0.185185,12
7265 BEEP 0.02,-11
7270 BEEP 0.44875,13
7275 BEEP 0.02,5
7280 BEEP 0.02,8
7285 BEEP 0.2725,17
