ZXASCII
AUTO -1
PROG demos:graphics/bsg_viper
CHANGED FALSE
10 DATA 30.6,32.15,55,55.1,60.35,66.7,69.4,69.45,71.35,71.25
20 DATA 77.9,77.95,79,85.55,96.9,97.9,97.9,84.25,97.2,97.45
30 DATA 97.65,97.65,97.9,97.95,97.9,97.65,97.7,98.25,98.35,97.9
40 DATA 96.2,96.2,98,98,98,98.3,98.3,97.8,98,98.25
50 DATA 98.4,98.4,98.4,98.35,98.3,98.75,99.05,96.85,76.15,69.65
60 DATA 65.4,55.55,55.35,45.2,44.85,35.5,34,30.95,30.6,30.6
70 DATA 32.2,32.25,35.05,35.75,35.1,42.95,42.75,69.3,68.55,67.05
80 DATA 67.2,67.1,66.8,66.4,66.45,67.1,65.8,65.6,66.35,64.4
90 DATA 52.45,52.45,52.45,64.55,63.25,63.35,62.7,62.55,63.25,62.6
100 DATA 62.4,58.9,58.9,57.95,57.95,58.85,57.85,57.9,56.35,56.35
110 DATA 57.9,56.4,55.8,56.4,55.75,52.6,52.6,43,68.5,63.35
120 DATA 63.35,65.4,69.65,71.2,75.9,96.75,98.2,98.6,98.9,98.95
130 DATA 98.7,95.4,94.15,84.3,84.15,81.55,81.95,84.3,82,80
140 DATA 73,71.9,68.5,69.8,69.75,71.9,71.9,69.85,72.55,73
150 DATA 74.3,73.8,72.45,79.65,79.75,80,80,79.7,79.7,80
160 DATA 80,79.6,79.6,79.9,79.9,79.6,79.6,82.85,82.8,81.45
170 DATA 79.7,79.7,78.55,78.2,79.6,79.6,83.2,83.35,84,83.9
180 DATA 84.45,83.15,84.55,92.1,92.1,91.55,85.55,85.55,92.1,92.45
190 DATA 92.45,92.1,92.1,97.7,97.95,92.75,92.15,92.85,93.2,98.25
200 DATA 98.4,93.35,93.1,93.4,93.35,98.35,98.4,98.4,98.4,93.35
210 DATA 93.35,93.35,98.35,98.25,93.2,93.25,93.25,82.85,82.8,79.7
220 DATA 79.6,79.35,82.3,82.5,79.6,83,82.7,82.35,83.15,83.3
230 DATA 83.7,83.85,82.95,83.9,92.05,92.05,92.05,97.65,97.7,92.9
240 DATA 92.9,92.9,97.85,97.9,92.9,92.9,92.9,97.9,97.85,92.9
250 DATA 92.9,92.9,97.7,97.55,92.8,92.85,92.8,92.2,92.5,97.4
260 DATA 97.25,84.25,89.65,94.4,94.45,97.25,97.25,96.9,94.4,94.4
270 DATA 94.4,86.05,80.3,84.3,79.3,79.6,80.3,77.9,77.9,71.2
280 DATA 71.7,72.5,71.8,72.95,73.7,78.15,69.6,69.6,69.4,69.2
290 DATA 60.45,60.4,66.15,66.55,61.35,66.25,66.25,66.7,66.9,68.85
300 DATA 68.9,67.25,66.9,67.2,67.35,68.15,68.85,67.2,68.4,68.75
310 DATA 68.25,67.5,67.1,67.1,66.8,60.35,60.5,58.5,58.3,58.6
320 DATA 60.3,58.55,58.35,55.1,55.1,54.15,54.05,42.95,42.8,42.95
330 DATA 32.25
340 DATA 32.2,32.8,34.45,34.7,34.95,38.75,38.55,38.1,38.15,40.6
350 DATA 41.35,41.7,41.7,48.5,49,47.6,42.35,41.6,41.7,41.05
360 DATA 40.3,39.4,38.55,37.65,36.6,35.7,35.35,35.15,34.9,34.75
370 DATA 35,34,34.25,34.8,34.2,34.2,33.95,33.45,32.9,32.05
380 DATA 31.05,29.95,28.85,28,26.95,26.95,26.4,18.25,18.3,24.7
390 DATA 26.85,26.8,27,27.55,27.75,28.2,28.2,31.15,31.75,32.15
400 DATA 32.7,32,28.75,28.1,28.8,28.65,31.1,30.8,28.1,28.1
410 DATA 28.7,29.25,29.7,29.85,28.2,28.2,28.2,29.8,29.8,29.85
420 DATA 30.15,31,30.15,29.9,29.35,28.2,28.2,29.25,29.25,29.25
430 DATA 29.45,29.4,28.25,28.4,29.2,29.4,29.4,29.15,29.15,28.55
440 DATA 28.55,28.55,28.85,29.15,28.85,28.85,28.4,28.65,28.1,28.1
450 DATA 27.6,26.9,24.65,24.65,20.1,20.15,26.9,26.75,26.15,26.1
460 DATA 26.8,26.85,21.05,21.05,22.15,22.15,21.1,21.1,21.1,26.8
470 DATA 26.75,26.6,28.1,32.55,27.55,26.6,32.75,32.45,32.8,26.75
480 DATA 26.75,32.8,32.8,33.35,32.15,32.15,31.65,31.65,30.05,30.05
490 DATA 29.45,29.45,27.85,27.85,27.35,27.35,26.85,26.85,34,34
500 DATA 34,33.3,33.25,34.15,34.55,34,33.95,26.85,26.85,33.25
510 DATA 33.3,33.95,33.25,33.45,34.25,34.25,33.95,35.55,35.05,35.1
520 DATA 34.35,34.15,33.55,33.5,32.9,32.9,33.45,32.85,32,32
530 DATA 30.9,30.85,32,30.85,29.85,29.85,30.9,29.8,28.75,28.75
540 DATA 29.8,27.95,27.95,26.9,26.9,27.85,26.85,26.8,34.05,34
550 DATA 35.45,40.95,41.2,35.55,35.5,35.65,41.2,41.15,41.35,36.35
560 DATA 36.25,36.3,35.6,36.25,35.55,35.15,35.6,35.25,35.75,35.95
570 DATA 35.55,36.7,36.7,37.6,37.6,36.7,37.55,37.55,38.5,38.45
580 DATA 37.55,39.25,39.35,40.3,40.1,39.3,40.15,41.55,40.95,41
590 DATA 41.65,41.65,47.1,47.2,42.3,42.4,48.4,49.05,48.9,47.15
600 DATA 47.95,47.7,41.7,41.7,40.9,41.65,41.7,41.7,41.35,40.7
610 DATA 34,34,40.65,40.75,34.1,34.1,34.1,38,38,33.5
620 DATA 34.35,34.9,38.35,34.35,34.7,37.7,38.4,38.65,38.3,38.15
630 DATA 38,37.85,38.3,37.9,34.25,34.25,36.95,37.25,37.35,37.05
640 DATA 37.25,37.25,37.5,38,38.6,34.9,33.55,33.7,34,34.5
650 DATA 34.6,34.45,34,34,33.55,33.55,33.7,32.8,31.15,32.85
660 DATA 32.1
670 dim pts(321,2):
 for f=1 to 321: read pts(f,1): next f:
 for f=1 to 321: read pts(f,2): next f
680 origin -20,-20 to 130,70 flip:
 polygon pts()
