ZXASCII
AUTO -1
PROG /demos/Text/classic
CHANGED FALSE
10 do 137: READ x,y: PRINT AT y+4,x+4;"ª": wait screen: loop
20 Data 11,1,10,0,9,0,8,0,7,0,6,0,5,1,4,1,3,2,2,2,1,3,0,4,0,5,1,6,2,7
30 Data 3,7,4,7,5,7,6,7,7,6,8,6,9,6,10,6,11,5,12,5,13,5,14,4,15,3,16,3
40 Data 17,2,18,1,18,0,17,0,16,0,15,1,14,2,13,3,12,4,12,5,12,6,13,7
50 Data 14,7,15,7,16,6,17,6,18,5,19,4,20,4,21,3,22,3,23,3,24,4,23,3
60 Data 22,3,21,3,20,4,19,4,18,5,19,6,20,7,21,7,22,7,23,6,24,5,25,4
70 Data 26,3,25,4,24,5,23,6,24,7,25,7,26,7,27,6,28,6,29,6,30,5,31,5
80 Data 32,4,33,4,34,3,35,4,36,5,35,6,34,7,33,7,32,7,33,7,34,7,35,7
90 Data 36,7,37,6,38,6,39,6,40,5,41,5,42,4,43,4,44,3,45,4,46,5,45,6
100 Data 44,7,43,7,42,7,43,7,44,7,45,7,46,7,47,6,48,6,49,5,50,4,51,3
110 Data 50,4,49,5,48,6,49,7,50,7,51,6,52,6,53,5,54,5,55,4,56,3,57,3
120 Data 58,3,59,4,58,3,57,3,56,3,55,4,54,5,54,6,55,7,56,7,57,7,52,1
