ZXASCII
AUTO -1
PROG /demos/Text/handwriting
CHANGED FALSE
10 FOR f=776 TO 983: GO SUb 100: next f
20 FOR f=520 TO 726: GO SUb 100: next f
30 stop

100 read a: addr=f*8-1,b=256:
 do 8: poke fontbank,addr+=1,a&(b/=2)<>0: loop:
 return

9400 DATA 0,0,56,4,62,197,60,0,16,48,32,124,163,34,60,0
9410 DATA 0,0,28,32,96,163,28,0,4,4,4,62,69,196,60,0
9420 DATA 0,0,56,68,249,66,60,0,12,10,20,112,159,48,80,96
9430 data 0,0,28,36,93,134,4,24,0,48,80,96,120,203,76,0
9440 data 0,16,0,16,49,214,8,0,16,0,16,48,211,60,80,96
9450 data 32,80,116,164,56,37,38,0,24,40,40,48,80,145,14,0
9460 data 0,0,104,84,212,85,86,0,0,0,0,56,100,165,38,0
9470 data 0,0,56,70,197,68,56,0,0,0,56,100,167,60,32,32
9480 data 0,0,56,100,188,5,6,4,0,0,36,122,161,32,32,0
9490 data 0,0,48,64,187,4,56,0,32,32,56,32,97,166,24,0
9500 data 0,0,36,100,164,37,26,0,0,0,36,38,105,168,16,0
9510 data 0,0,34,106,171,42,20,0,0,0,102,152,136,25,102,0
9520 data 0,0,36,100,191,20,36,24,0,0,56,72,145,34,116,12

9550 data 24,36,36,60,36,165,102,0,120,36,36,56,37,166,120,0,24,36,36,32,96,167,24,0
9560 data 60,82,81,57,97,209,62,0,56,72,64,48,64,199,56,0,31,16,48,95,144,16,16,0
9570 data 56,68,68,64,207,68,56,0,100,36,36,60,36,165,102,0,58,84,16,16,16,58,84,0
9580 data 63,22,8,8,72,72,48,0,98,164,40,48,40,165,98,0,96,160,96,32,32,33,126,0
9590 data 34,54,42,42,34,163,98,0,108,178,162,34,34,34,35,0,24,36,36,36,101,166,56,0
9600 data 60,34,34,124,160,32,32,0,56,68,68,68,212,76,60,2,56,36,36,56,100,165,38,0
9610 data 28,34,32,92,130,3,28,0,113,142,8,8,9,14,24,0,68,68,68,68,68,197,62,0
9620 data 68,68,70,69,168,40,16,0,130,130,130,147,146,146,108,0,130,68,40,16,16,170,68,0
9630 data 18,18,50,94,130,15,18,12,62,68,8,16,32,77,242,0
