ZXASCII
AUTO -1
PROG /demos/Text/love
CHANGED FALSE
10 data 60,1,12,26,9,12,3,8,24,17,8,4,6,23,21,6,4,6,22,12,5,6,5
20 data 4,6,21,11,8,6,4,4,6,21,10,10,5,4,4,6,21,9,11,5,4
30 data 4,6,21,8,11,6,4,4,6,21,7,11,7,4,4,6,21,6,11,8,4
40 data 4,6,19,1,1,5,11,9,4,4,6,19,1,1,5,10,10,4,4,6,18,2,1,6,8,11,4
50 data 4,6,17,3,1,7,5,13,4,4,6,15,5,2,23,5,1,29,5,17,8
60 data 1,29,9,9,12,1,13,5,40,1,1,13,5,40,1,4,6,13,3,10,6,12,5,1
70 data 5,6,11,3,11,6,14,3,1,5,6,11,3,11,6,15,2,1
80 data 6,6,9,3,12,6,16,1,1,6,6,9,3,12,6,7,1,10
90 data 7,6,7,3,13,6,6,2,10,7,6,7,3,13,14,10,8,6,5,3,14,6,6,2,10
100 data 8,6,5,3,14,6,7,1,10,9,6,3,3,15,6,16,1,1
110 data 9,6,3,3,15,6,15,2,1,10,6,1,3,16,6,14,3,1,10,10,16,6,12,5,1
120 data 11,8,13,27,1,11,8,13,27,1,60
130 m$="PunkRockProgramming",m$=m$*ceil(60/len m$):
 paper 0: ink 15: cls: 
 tb=(txtw-60)/2: 
 print #13*((txth-36)/2);tab tb;:
140 oLen,p=0:
 do 252:
    read a:
    print iif$(p!=p,m$(olen+1 to olen+a)," "*a);:
    oLen+=a:
    if oLen=60 then
       print tab tb;:
       oLen,p=0
150 loop
